function data = altitudeDensityTable
data = [0.00000	1.22500
1.00000	1.11164
2.00000	1.00649
3.00000	0.909122
4.00000	0.819129
5.00000	0.736116
6.00000	0.659697
7.00000	0.589501
8.00000	0.525168
9.00000	0.466348
10.0000	0.412707
11.0000	0.363918
12.0000	0.310828
13.0000	0.265483
14.0000	0.226753
15.0000	0.193674
16.0000	0.165420
17.0000	0.141288
18.0000	0.120676
19.0000	0.103071
20.0000	0.0880349
21.0000	0.0748737
22.0000	0.0637273
23.0000	0.0542803
24.0000	0.0462674
25.0000	0.0394658
26.0000	0.0336882
27.0000	0.0287769
28.0000	0.0245988
29.0000	0.0210420
30.0000	0.0180119
31.0000	0.0154288
32.0000	0.0132250
33.0000	0.0112620
34.0000	0.00960889
35.0000	0.00821392
36.0000	0.00703441
37.0000	0.00603513
38.0000	0.00518691
39.0000	0.00446557
40.0000	0.00385101
41.0000	0.00332648
42.0000	0.00287802
43.0000	0.00249393
44.0000	0.00216443
45.0000	0.00188129
46.0000	0.00163760
47.0000	0.00142753
48.0000	0.00125825
49.0000	0.00110904
50.0000	0.000977525
51.0000	0.000861606
52.0000	0.000766867
53.0000	0.000681710
54.0000	0.000605252
55.0000	0.000536684
56.0000	0.000475263
57.0000	0.000420311
58.0000	0.000371207
59.0000	0.000327382
60.0000	0.000288321
61.0000	0.000253550
62.0000	0.000222640
63.0000	0.000195200
64.0000	0.000170875
65.0000	0.000149342
66.0000	0.000130308
67.0000	0.000113510
68.0000	0.0000987069
69.0000	0.0000856830
70.0000	0.0000742430
71.0000	0.0000642110
72.0000	0.0000552370
73.0000	0.0000474496
74.0000	0.0000407010
75.0000	0.0000348607
76.0000	0.0000298135
77.0000	0.0000254579
78.0000	0.0000217046
79.0000	0.0000184751
80.0000	0.0000157005
81.0000	0.0000133205
82.0000	0.0000112820
83.0000	0.00000953899
84.0000	0.00000805098
85.0000	0.00000677222
86.0000	0.00000564114];
end